   0.0000000e+00   0.0000000e+00   0.0000000e+00
   3.0000000e-02   0.0000000e+00   0.0000000e+00
   6.0000000e-02   0.0000000e+00   0.0000000e+00
   9.0000000e-02   0.0000000e+00   0.0000000e+00
   1.2000000e-01   0.0000000e+00   0.0000000e+00
   1.5000000e-01   0.0000000e+00   1.0000000e-02
   1.8000000e-01   0.0000000e+00   0.0000000e+00
   2.1000000e-01   0.0000000e+00   0.0000000e+00
   2.4000000e-01   0.0000000e+00   0.0000000e+00
   2.7000000e-01   0.0000000e+00   0.0000000e+00
   3.0000000e-01   0.0000000e+00   6.0000000e-02
   3.3000000e-01   0.0000000e+00   0.0000000e+00
   3.6000000e-01   0.0000000e+00   0.0000000e+00
   3.9000000e-01   0.0000000e+00   0.0000000e+00
   4.2000000e-01   0.0000000e+00   0.0000000e+00
   4.5000000e-01   3.0000000e+00   0.0000000e+00
   4.8000000e-01   3.0000000e+00   9.0000000e-02
   5.1000000e-01   3.0000000e+00   3.0000000e-02
   5.4000000e-01   3.0000000e+00   2.1000000e-01
   5.7000000e-01   3.0000000e+00   5.7000000e-01
   6.0000000e-01   3.0000000e+00   1.0900000e+00
   6.3000000e-01   3.0000000e+00   1.6800000e+00
   6.6000000e-01   3.0000000e+00   2.2100000e+00
   6.9000000e-01   3.0000000e+00   2.6400000e+00
   7.2000000e-01   3.0000000e+00   2.9600000e+00
   7.5000000e-01   3.0000000e+00   3.1700000e+00
   7.8000000e-01   3.0000000e+00   3.2600000e+00
   8.1000000e-01   3.0000000e+00   3.2800000e+00
   8.4000000e-01   3.0000000e+00   3.2500000e+00
   8.7000000e-01   3.0000000e+00   3.1800000e+00
   9.0000000e-01   3.0000000e+00   3.1200000e+00
   9.3000000e-01   3.0000000e+00   3.0200000e+00
   9.6000000e-01   3.0000000e+00   2.9400000e+00
   9.9000000e-01   3.0000000e+00   2.8300000e+00
   1.0200000e+00   3.0000000e+00   2.8500000e+00
   1.0500000e+00   3.0000000e+00   2.9000000e+00
   1.0800000e+00   3.0000000e+00   2.8300000e+00
   1.1100000e+00   3.0000000e+00   2.8300000e+00
   1.1400000e+00   3.0000000e+00   2.8400000e+00
   1.1700000e+00   3.0000000e+00   2.8600000e+00
   1.2000000e+00   3.0000000e+00   2.8700000e+00
   1.2300000e+00   3.0000000e+00   2.8900000e+00
   1.2600000e+00   3.0000000e+00   2.8900000e+00
   1.2900000e+00   3.0000000e+00   2.8900000e+00
   1.3200000e+00   3.0000000e+00   2.8600000e+00
   1.3500000e+00   3.0000000e+00   2.9000000e+00
   1.3800000e+00   3.0000000e+00   2.8800000e+00
   1.4100000e+00   3.0000000e+00   2.9200000e+00
   1.4400000e+00   3.0000000e+00   2.9100000e+00
   1.4700000e+00   3.0000000e+00   2.9000000e+00
   1.5000000e+00   3.0000000e+00   2.9900000e+00
   1.5300000e+00   3.0000000e+00   2.9000000e+00
   1.5600000e+00   3.0000000e+00   2.9400000e+00
   1.5900000e+00   3.0000000e+00   2.9100000e+00
   1.6200000e+00   3.0000000e+00   2.8900000e+00
   1.6500000e+00   3.0000000e+00   2.8900000e+00
   1.6800000e+00   3.0000000e+00   2.9400000e+00
   1.7100000e+00   3.0000000e+00   2.8900000e+00
   1.7400000e+00   3.0000000e+00   2.8900000e+00
   1.7700000e+00   3.0000000e+00   2.8800000e+00
   1.8000000e+00   3.0000000e+00   2.8400000e+00
   1.8300000e+00   3.0000000e+00   2.8900000e+00
   1.8600000e+00   3.0000000e+00   2.8900000e+00
   1.8900000e+00   3.0000000e+00   2.8900000e+00
   1.9200000e+00   3.0000000e+00   2.8900000e+00
   1.9500000e+00   3.0000000e+00   2.9000000e+00
   1.9800000e+00   3.0000000e+00   2.8900000e+00
   2.0100000e+00   1.0000000e+00   2.8800000e+00
   2.0400000e+00   1.0000000e+00   2.8900000e+00
   2.0700000e+00   1.0000000e+00   2.8500000e+00
   2.1000000e+00   1.0000000e+00   2.6600000e+00
   2.1300000e+00   1.0000000e+00   2.3600000e+00
   2.1600000e+00   1.0000000e+00   1.9900000e+00
   2.1900000e+00   1.0000000e+00   1.6700000e+00
   2.2200000e+00   1.0000000e+00   1.3100000e+00
   2.2500000e+00   1.0000000e+00   1.0600000e+00
   2.2800000e+00   1.0000000e+00   8.7000000e-01
   2.3100000e+00   1.0000000e+00   6.3000000e-01
   2.3400000e+00   1.0000000e+00   7.1000000e-01
   2.3700000e+00   1.0000000e+00   6.3000000e-01
   2.4000000e+00   1.0000000e+00   7.7000000e-01
   2.4300000e+00   1.0000000e+00   6.8000000e-01
   2.4600000e+00   1.0000000e+00   7.3000000e-01
   2.4900000e+00   1.0000000e+00   8.6000000e-01
   2.5200000e+00   1.0000000e+00   8.7000000e-01
   2.5500000e+00   1.0000000e+00   9.4000000e-01
   2.5800000e+00   1.0000000e+00   1.0900000e+00
   2.6100000e+00   1.0000000e+00   1.0300000e+00
   2.6400000e+00   1.0000000e+00   1.0600000e+00
   2.6700000e+00   1.0000000e+00   1.0800000e+00
   2.7000000e+00   1.0000000e+00   1.0800000e+00
   2.7300000e+00   1.0000000e+00   1.3500000e+00
   2.7600000e+00   1.0000000e+00   1.0600000e+00
   2.7900000e+00   1.0000000e+00   1.0300000e+00
   2.8200000e+00   1.0000000e+00   1.0300000e+00
   2.8500000e+00   1.0000000e+00   1.0200000e+00
   2.8800000e+00   1.0000000e+00   1.0100000e+00
   2.9100000e+00   1.0000000e+00   9.9000000e-01
   2.9400000e+00   1.0000000e+00   1.0000000e+00
   2.9700000e+00   1.0000000e+00   1.0400000e+00
   3.0000000e+00   1.0000000e+00   9.9000000e-01
   3.0300000e+00   1.0000000e+00   9.9000000e-01
   3.0600000e+00   1.0000000e+00   9.9000000e-01
   3.0900000e+00   1.0000000e+00   1.0000000e+00
   3.1200000e+00   1.0000000e+00   1.0000000e+00
   3.1500000e+00   1.0000000e+00   1.0000000e+00
   3.1800000e+00   1.0000000e+00   1.0000000e+00
   3.2100000e+00   1.0000000e+00   1.0100000e+00
   3.2400000e+00   1.0000000e+00   1.0100000e+00
   3.2700000e+00   1.0000000e+00   1.0100000e+00
   3.3000000e+00   1.0000000e+00   1.0200000e+00
   3.3300000e+00   1.0000000e+00   1.0000000e+00
   3.3600000e+00   1.0000000e+00   1.0100000e+00
   3.3900000e+00   1.0000000e+00   1.0000000e+00
   3.4200000e+00   1.0000000e+00   1.0000000e+00
   3.4500000e+00   1.0000000e+00   1.0000000e+00
   3.4800000e+00   1.0000000e+00   1.0000000e+00
   3.5100000e+00   1.0000000e+00   1.0100000e+00
   3.5400000e+00   1.0000000e+00   1.0000000e+00
   3.5700000e+00   1.0000000e+00   1.0000000e+00
   3.6000000e+00   1.0000000e+00   1.0000000e+00
   3.6300000e+00   1.0000000e+00   1.0000000e+00
   3.6600000e+00   1.0000000e+00   9.9000000e-01
   3.6900000e+00   1.0000000e+00   1.0000000e+00
   3.7200000e+00   1.0000000e+00   1.0000000e+00
   3.7500000e+00   1.0000000e+00   1.0000000e+00
   3.7800000e+00   1.0000000e+00   9.9000000e-01
   3.8100000e+00   1.0000000e+00   1.0000000e+00
   3.8400000e+00   1.0000000e+00   1.0000000e+00
   3.8700000e+00   1.0000000e+00   9.9000000e-01
   3.9000000e+00   1.0000000e+00   9.1000000e-01
   3.9300000e+00   1.0000000e+00   1.0000000e+00
   3.9600000e+00   1.0000000e+00   1.0000000e+00
   3.9900000e+00   1.0000000e+00   1.0000000e+00
   4.0200000e+00   3.0000000e+00   1.0000000e+00
   4.0500000e+00   3.0000000e+00   1.0000000e+00
   4.0800000e+00   3.0000000e+00   1.0300000e+00
   4.1100000e+00   3.0000000e+00   1.1400000e+00
   4.1400000e+00   3.0000000e+00   1.3800000e+00
   4.1700000e+00   3.0000000e+00   2.0400000e+00
   4.2000000e+00   3.0000000e+00   2.0800000e+00
   4.2300000e+00   3.0000000e+00   2.3700000e+00
   4.2600000e+00   3.0000000e+00   2.6700000e+00
   4.2900000e+00   3.0000000e+00   3.2600000e+00
   4.3200000e+00   3.0000000e+00   3.0200000e+00
   4.3500000e+00   3.0000000e+00   3.3400000e+00
   4.3800000e+00   3.0000000e+00   3.1700000e+00
   4.4100000e+00   3.0000000e+00   3.1600000e+00
   4.4400000e+00   3.0000000e+00   3.0800000e+00
   4.4700000e+00   3.0000000e+00   3.0700000e+00
   4.5000000e+00   3.0000000e+00   3.0100000e+00
   4.5300000e+00   3.0000000e+00   2.9400000e+00
   4.5600000e+00   3.0000000e+00   2.9100000e+00
   4.5900000e+00   3.0000000e+00   2.8700000e+00
   4.6200000e+00   3.0000000e+00   2.8600000e+00
   4.6500000e+00   3.0000000e+00   2.6700000e+00
   4.6800000e+00   3.0000000e+00   2.8600000e+00
   4.7100000e+00   3.0000000e+00   2.8600000e+00
   4.7400000e+00   3.0000000e+00   2.8700000e+00
   4.7700000e+00   3.0000000e+00   2.8500000e+00
   4.8000000e+00   3.0000000e+00   2.8900000e+00
   4.8300000e+00   3.0000000e+00   2.9000000e+00
   4.8600000e+00   3.0000000e+00   2.9000000e+00
   4.8900000e+00   3.0000000e+00   2.9000000e+00
   4.9200000e+00   3.0000000e+00   2.6500000e+00
   4.9500000e+00   3.0000000e+00   2.9000000e+00
   4.9800000e+00   3.0000000e+00   2.9000000e+00
   5.0100000e+00   3.0000000e+00   2.9000000e+00
   5.0400000e+00   3.0000000e+00   2.9000000e+00
   5.0700000e+00   3.0000000e+00   2.9100000e+00
   5.1000000e+00   3.0000000e+00   2.9000000e+00
   5.1300000e+00   3.0000000e+00   2.9100000e+00
   5.1600000e+00   3.0000000e+00   2.9000000e+00
   5.1900000e+00   3.0000000e+00   2.9000000e+00
   5.2200000e+00   3.0000000e+00   2.9000000e+00
   5.2500000e+00   3.0000000e+00   2.5800000e+00
   5.2800000e+00   3.0000000e+00   2.9100000e+00
   5.3100000e+00   3.0000000e+00   2.9000000e+00
   5.3400000e+00   3.0000000e+00   2.8900000e+00
   5.3700000e+00   3.0000000e+00   2.9000000e+00
   5.4000000e+00   3.0000000e+00   2.8900000e+00
   5.4300000e+00   3.0000000e+00   2.9000000e+00
   5.4600000e+00   3.0000000e+00   2.9000000e+00
   5.4900000e+00   3.0000000e+00   2.8900000e+00
   5.5200000e+00   3.0000000e+00   2.9000000e+00
   5.5500000e+00   3.0000000e+00   2.8900000e+00
   5.5800000e+00   3.0000000e+00   2.8900000e+00
   5.6100000e+00   3.0000000e+00   2.8900000e+00
   5.6400000e+00   3.0000000e+00   2.8900000e+00
   5.6700000e+00   3.0000000e+00   2.8900000e+00
   5.7000000e+00   3.0000000e+00   2.8800000e+00
   5.7300000e+00   3.0000000e+00   2.9100000e+00
   5.7600000e+00   3.0000000e+00   2.9000000e+00
   5.7900000e+00   3.0000000e+00   2.8900000e+00
   5.8200000e+00   3.0000000e+00   2.9000000e+00
   5.8500000e+00   3.0000000e+00   2.8700000e+00
   5.8800000e+00   3.0000000e+00   2.9000000e+00
   5.9100000e+00   3.0000000e+00   2.8600000e+00
   5.9400000e+00   3.0000000e+00   2.9000000e+00
   5.9700000e+00   3.0000000e+00   2.9000000e+00
   6.0000000e+00   1.0000000e+00   2.8900000e+00
   6.0300000e+00   1.0000000e+00   2.8900000e+00
   6.0600000e+00   1.0000000e+00   2.8400000e+00
   6.0900000e+00   1.0000000e+00   2.6300000e+00
   6.1200000e+00   1.0000000e+00   2.3300000e+00
   6.1500000e+00   1.0000000e+00   2.1700000e+00
   6.1800000e+00   1.0000000e+00   1.6000000e+00
   6.2100000e+00   1.0000000e+00   1.3100000e+00
   6.2400000e+00   1.0000000e+00   1.0400000e+00
   6.2700000e+00   1.0000000e+00   8.8000000e-01
   6.3000000e+00   1.0000000e+00   7.3000000e-01
   6.3300000e+00   1.0000000e+00   7.7000000e-01
   6.3600000e+00   1.0000000e+00   6.4000000e-01
   6.3900000e+00   1.0000000e+00   6.5000000e-01
   6.4200000e+00   1.0000000e+00   7.1000000e-01
   6.4500000e+00   1.0000000e+00   7.7000000e-01
   6.4800000e+00   1.0000000e+00   8.5000000e-01
   6.5100000e+00   1.0000000e+00   9.0000000e-01
   6.5400000e+00   1.0000000e+00   9.7000000e-01
   6.5700000e+00   1.0000000e+00   1.0100000e+00
   6.6000000e+00   1.0000000e+00   1.0500000e+00
   6.6300000e+00   1.0000000e+00   1.0700000e+00
   6.6600000e+00   1.0000000e+00   1.0800000e+00
   6.6900000e+00   1.0000000e+00   1.0600000e+00
   6.7200000e+00   1.0000000e+00   1.0700000e+00
   6.7500000e+00   1.0000000e+00   1.0500000e+00
   6.7800000e+00   1.0000000e+00   1.0200000e+00
   6.8100000e+00   1.0000000e+00   1.0900000e+00
   6.8400000e+00   1.0000000e+00   1.0100000e+00
   6.8700000e+00   1.0000000e+00   1.0000000e+00
   6.9000000e+00   1.0000000e+00   9.9000000e-01
   6.9300000e+00   1.0000000e+00   9.9000000e-01
   6.9600000e+00   1.0000000e+00   9.6000000e-01
   6.9900000e+00   1.0000000e+00   9.9000000e-01
   7.0200000e+00   1.0000000e+00   9.9000000e-01
   7.0500000e+00   1.0000000e+00   9.9000000e-01
   7.0800000e+00   1.0000000e+00   1.0000000e+00
   7.1100000e+00   1.0000000e+00   1.0000000e+00
   7.1400000e+00   1.0000000e+00   1.0000000e+00
   7.1700000e+00   1.0000000e+00   1.0000000e+00
   7.2000000e+00   1.0000000e+00   1.0000000e+00
   7.2300000e+00   1.0000000e+00   1.0000000e+00
   7.2600000e+00   1.0000000e+00   1.0000000e+00
   7.2900000e+00   1.0000000e+00   1.0000000e+00
   7.3200000e+00   1.0000000e+00   1.0200000e+00
   7.3500000e+00   1.0000000e+00   1.0000000e+00
   7.3800000e+00   1.0000000e+00   1.0000000e+00
   7.4100000e+00   1.0000000e+00   1.0000000e+00
   7.4400000e+00   1.0000000e+00   9.0000000e-01
   7.4700000e+00   1.0000000e+00   9.9000000e-01
   7.5000000e+00   1.0000000e+00   1.0000000e+00
   7.5300000e+00   1.0000000e+00   1.1000000e+00
   7.5600000e+00   1.0000000e+00   1.0100000e+00
   7.5900000e+00   1.0000000e+00   1.0000000e+00
   7.6200000e+00   1.0000000e+00   1.0100000e+00
   7.6500000e+00   1.0000000e+00   1.0000000e+00
   7.6800000e+00   1.0000000e+00   1.0000000e+00
   7.7100000e+00   1.0000000e+00   1.0200000e+00
   7.7400000e+00   1.0000000e+00   1.0000000e+00
   7.7700000e+00   1.0000000e+00   9.8000000e-01
   7.8000000e+00   1.0000000e+00   1.0000000e+00
   7.8300000e+00   1.0000000e+00   1.0000000e+00
   7.8600000e+00   1.0000000e+00   1.0000000e+00
   7.8900000e+00   1.0000000e+00   1.0000000e+00
   7.9200000e+00   1.0000000e+00   9.5000000e-01
   7.9500000e+00   1.0000000e+00   1.0000000e+00
   7.9800000e+00   1.0000000e+00   1.0000000e+00
